0 -179.5
-1 -176.752
-2 -174.004
-3 -171.254
-4 -168.501
-5 -165.745
-6 -162.985
-7 -160.22
-8 -157.448
-9 -154.67
-10 -151.885
-11 -149.09
-12 -146.287
-13 -143.472
-14 -140.647
-15 -137.809
-16 -134.958
-17 -132.092
-18 -129.211
-19 -126.314
-20 -123.399
-21 -120.466
-22 -117.513
-23 -114.539
-24 -111.543
-25 -108.524
-26 -105.48
-27 -102.41
-28 -99.312
-29 -96.1856
-30 -93.0289
-31 -89.8401
-32 -86.6177
-33 -83.36
-34 -80.0651
-35 -76.731
-36 -73.356
-37 -69.938
-38 -66.475
-39 -62.964
-40 -59.404
-41 -55.79
-42 -52.122
-43 -48.395
-44 -44.607
-45 -40.755
-46 -36.835
-47 -32.844
-48 -28.777
-49 -24.63
-50 -20.399
-51 -16.08
-52 -11.666
-53 -7.153
-54 -2.533
-55 2.198
-56 7.049
-57 12.028
-58 17.141
-59 22.4
-60 27.814
-61 33.394
-62 39.153
-63 45.103
-64 51.262
-65 57.644
-65.9945 64.234
-66.9501 70.811
-67.9001 77.612
-68.8126 84.41
-69.7194 91.448
-70.5898 98.493
-71.4543 105.799
-72.2837 113.122
-73.1069 120.727
-73.896 128.363
-74.6786 136.304
-75.4281 144.29
-76.1707 152.609
-76.8812 160.988
-77.5843 169.732
-78.2562 178.555
-78.9203 187.779
-79.5539 197.105
-80.1793 206.874
-80.7751 216.771
-81.3621 227.163
-81.9202 237.715
-82.469 248.822
-82.9897 260.131
-83.5005 272.067
-83.9838 284.257
-84.4567 297.164
-84.9028 310.392
