0.000000 -179.5
1.000000 -182.248
2.000000 -184.996
3.000000 -187.746
4.000000 -190.499
5.000000 -193.255
6.000000 -196.015
7.000000 -198.78
8.000000 -201.552
9.000000 -204.33
10.000000 -207.115
11.000000 -209.91
12.000000 -212.713
13.000000 -215.528
14.000000 -218.353
15.000000 -221.191
16.000000 -224.042
17.000000 -226.908
18.000000 -229.789
19.000000 -232.686
20.000000 -235.601
21.000000 -238.534
22.000000 -241.487
23.000000 -244.461
24.000000 -247.457
25.000000 -250.476
26.000000 -253.52
27.000000 -256.59
28.000000 -259.688
29.000000 -262.814
30.000000 -265.971
31.000000 -269.16
32.000000 -272.382
33.000000 -275.64
34.000000 -278.935
35.000000 -282.269
36.000000 -285.644
37.000000 -289.062
38.000000 -292.525
39.000000 -296.036
40.000000 -299.596
41.000000 -303.21
42.000000 -306.878
43.000000 -310.605
44.000000 -314.393
45.000000 -318.245
46.000000 -322.165
47.000000 -326.156
48.000000 -330.223
49.000000 -334.37
50.000000 -338.601
51.000000 -342.92
52.000000 -347.334
53.000000 -351.847
54.000000 -356.467
55.000000 -361.198
56.000000 -366.049
57.000000 -371.028
58.000000 -376.141
59.000000 -381.4
60.000000 -386.814
61.000000 -392.394
62.000000 -398.153
63.000000 -404.103
64.000000 -410.262
65.000000 -416.644
65.994547 -423.234
66.950108 -429.811
67.900148 -436.612
68.812593 -443.41
69.719361 -450.448
70.589803 -457.493
71.454342 -464.799
72.283723 -472.122
73.106911 -479.727
73.896025 -487.363
74.678603 -495.304
75.428116 -503.29
76.170705 -511.609
76.881174 -519.988
77.584291 -528.732
78.256179 -537.555
78.920252 -546.779
79.553941 -556.105
80.179320 -565.874
80.775117 -575.771
81.362083 -586.163
81.920235 -596.715
82.469009 -607.822
82.989706 -619.131
83.500454 -631.067
83.983835 -643.257
84.456678 -656.164
84.902839 -669.392
