0 179.5
-1 182.248
-2 184.996
-3 187.746
-4 190.499
-5 193.255
-6 196.015
-7 198.78
-8 201.552
-9 204.33
-10 207.115
-11 209.91
-12 212.713
-13 215.528
-14 218.353
-15 221.191
-16 224.042
-17 226.908
-18 229.789
-19 232.686
-20 235.601
-21 238.534
-22 241.487
-23 244.461
-24 247.457
-25 250.476
-26 253.52
-27 256.59
-28 259.688
-29 262.814
-30 265.971
-31 269.16
-32 272.382
-33 275.64
-34 278.935
-35 282.269
-36 285.644
-37 289.062
-38 292.525
-39 296.036
-40 299.596
-41 303.21
-42 306.878
-43 310.605
-44 314.393
-45 318.245
-46 322.165
-47 326.156
-48 330.223
-49 334.37
-50 338.601
-51 342.92
-52 347.334
-53 351.847
-54 356.467
-55 361.198
-56 366.049
-57 371.028
-58 376.141
-59 381.4
-60 386.814
-61 392.394
-62 398.153
-63 404.103
-64 410.262
-65 416.644
-65.9945 423.234
-66.9501 429.811
-67.9001 436.612
-68.8126 443.41
-69.7194 450.448
-70.5898 457.493
-71.4543 464.799
-72.2837 472.122
-73.1069 479.727
-73.896 487.363
-74.6786 495.304
-75.4281 503.29
-76.1707 511.609
-76.8812 519.988
-77.5843 528.732
-78.2562 537.555
-78.9203 546.779
-79.5539 556.105
-80.1793 565.874
-80.7751 575.771
-81.3621 586.163
-81.9202 596.715
-82.469 607.822
-82.9897 619.131
-83.5005 631.067
-83.9838 643.257
-84.4567 656.164
-84.9028 669.392
