0.000000 179.5
1.000000 176.752
2.000000 174.004
3.000000 171.254
4.000000 168.501
5.000000 165.745
6.000000 162.985
7.000000 160.22
8.000000 157.448
9.000000 154.67
10.000000 151.885
11.000000 149.09
12.000000 146.287
13.000000 143.472
14.000000 140.647
15.000000 137.809
16.000000 134.958
17.000000 132.092
18.000000 129.211
19.000000 126.314
20.000000 123.399
21.000000 120.466
22.000000 117.513
23.000000 114.539
24.000000 111.543
25.000000 108.524
26.000000 105.48
27.000000 102.41
28.000000 99.312
29.000000 96.1856
30.000000 93.0289
31.000000 89.8401
32.000000 86.6177
33.000000 83.36
34.000000 80.0651
35.000000 76.731
36.000000 73.356
37.000000 69.938
38.000000 66.475
39.000000 62.964
40.000000 59.404
41.000000 55.79
42.000000 52.122
43.000000 48.395
44.000000 44.607
45.000000 40.755
46.000000 36.835
47.000000 32.844
48.000000 28.777
49.000000 24.63
50.000000 20.399
51.000000 16.08
52.000000 11.666
53.000000 7.153
54.000000 2.533
55.000000 -2.198
56.000000 -7.049
57.000000 -12.028
58.000000 -17.141
59.000000 -22.4
60.000000 -27.814
61.000000 -33.394
62.000000 -39.153
63.000000 -45.103
64.000000 -51.262
65.000000 -57.644
65.994547 -64.234
66.950108 -70.811
67.900148 -77.612
68.812593 -84.41
69.719361 -91.448
70.589803 -98.493
71.454342 -105.799
72.283723 -113.122
73.106911 -120.727
73.896025 -128.363
74.678603 -136.304
75.428116 -144.29
76.170705 -152.609
76.881174 -160.988
77.584291 -169.732
78.256179 -178.555
78.920252 -187.779
79.553941 -197.105
80.179320 -206.874
80.775117 -216.771
81.362083 -227.163
81.920235 -237.715
82.469009 -248.822
82.989706 -260.131
83.500454 -272.067
83.983835 -284.257
84.456678 -297.164
84.902839 -310.392
