   41. -369. -143. -747.  -20.-1368.   20.  486.  104. -432.
  148.  261.  144.  666.   -6.-1152.  -78.   45.    8. -540.
  -19.  819.   87.  243.    4. 1548.  -56. -954. -164.  180.
  -60. -945.  -81. -279.   99.  171.   34.  441.   84. -144.
    1. -468.  133.  747.  132.  774.  -46.  -45.  -12. -216.
   90.  161.  180.  335.   36.  182.  -90. -162.  -72.  -36.
 -105. -169. -210. -322.  -42.   24.  105.  167.   84.  204.
  -90. -211. -180. -307.  -36. -160.   90.  186.   72.   36.
   75.  205.  150.  215.   30.   45.  -75. -165.  -60.  -80.
  -75.  -48. -150. -299.  -30. -102.   75.   89.   60.   88.
