name B
ligatures ff fi fl ffi ffl 0
charset
\|	6	0	0
\^	3	0	0
!	13	0	0145
$	18	0	0155
%	28	0	053
&	27	0	050
'	12	0	032
(	16	0	0132
)	16	0	0133
*	18	0	0122
+	36	0	0143
,	12	0	047
hy	14	0	040
-	"	=hy	0
\-	36	0	0123
.	12	0	044
/	18	0	043
0	19	2	0110
1	19	2	0111
2	19	2	0112
3	19	2	0113
4	19	2	0114
5	19	2	0115
6	19	2	0116
7	19	2	0117
8	19	2	0120
9	19	2	0121
:	13	0	0142
;	13	0	023
=	36	0	0140
?	22	0	0147
A	28	2	0103
B	26	2	075
C	26	2	070
D	29	2	074
E	25	2	072
F	23	2	0101
G	28	2	065
H	32	2	060
I	16	2	066
J	21	2	0105
K	28	2	0107
L	25	2	063
M	36	2	062
N	30	2	061
O	29	2	057
P	25	2	067
Q	29	3	055
R	28	2	064
S	23	2	076
T	25	2	056
U	29	2	0106
V	27	2	071
W	36	2	0104
X	27	2	0102
Y	28	2	077
Z	27	2	073
[	12	0	0134
]	12	0	0135
`	12	0	030
a	19	0	025
b	19	2	012
c	16	0	027
d	19	2	011
e	17	0	031
f	13	2	014
g	18	1	045
h	22	2	01
i	12	2	06
j	12	3	015
k	23	2	017
l	12	2	05
m	32	0	04
n	22	0	03
o	18	0	033
p	20	1	021
q	19	1	042
r	15	0	035
s	17	0	010
t	13	2	02
u	21	0	016
v	19	0	037
w	27	0	041
x	21	0	013
y	19	1	051
z	17	0	07
|	2	0	0151
bu	27	0	0146
sq	27	0	0154
em	36	0	022
ru	18	0	026
14	28	0	034
12	28	0	036
34	28	0	046
fi	22	0	0124
fl	22	0	0125
ff	23	0	0126
Fi	33	0	0131
Fl	33	0	0130
de	15	0	0136
dg	20	0	0137
fm	9	0	0150
rg	20	0	0141
co	20	0	0153
ct	19	0	0127
