name I
ligatures ff fi fl ffi ffl 0
charset
\|	6	0	0
\^	3	0	0
!	13	0	0145
$	19	0	0155
%	27	0	053
&	26	0	050
'	11	0	032
(	15	0	0132
)	15	0	0133
*	16	0	0122
+	36	0	0143
,	11	0	047
hy	13	0	040
-	"	=hy	0
\-	36	0	0123
.	11	0	044
/	9	0	043
0	19	2	0110
1	19	2	0111
2	19	2	0112
3	19	2	0113
4	19	2	0114
5	19	2	0115
6	19	2	0116
7	19	2	0117
8	19	2	0120
9	19	2	0121
:	11	0	0142
;	11	0	023
=	36	0	0140
?	20	0	0147
A	25	2	0103
B	24	2	075
C	26	2	070
D	27	2	074
E	23	2	072
F	21	2	0101
G	27	2	065
H	29	2	060
I	14	2	066
J	16	2	0105
K	28	2	0107
L	24	2	063
M	34	2	062
N	27	2	061
O	27	2	057
P	22	2	067
Q	27	3	055
R	27	2	064
S	20	2	076
T	23	2	056
U	28	2	0106
V	25	2	071
W	36	2	0104
X	24	2	0102
Y	24	2	077
Z	25	2	073
[	13	0	0134
]	13	0	0135
`	11	0	030
a	19	0	025
b	18	2	012
c	15	0	027
d	18	2	011
e	16	0	031
f	11	2	014
g	17	1	045
h	19	2	01
i	9	2	06
j	9	3	015
k	19	2	017
l	9	2	05
m	28	0	04
n	19	0	03
o	18	0	033
p	17	1	021
q	18	1	042
r	13	0	035
s	14	0	010
t	10	2	02
u	19	0	016
v	16	0	037
w	24	0	041
x	18	0	013
y	16	1	051
z	14	0	07
|	2	0	0151
bu	27	0	0146
sq	27	0	0154
em	36	0	022
ru	18	0	026
14	27	0	034
12	27	0	036
34	27	0	046
fi	21	0	0124
fl	21	0	0125
ff	21	0	0126
Fi	31	0	0131
Fl	31	0	0130
de	15	0	0136
dg	19	0	0137
fm	7	0	0150
rg	20	0	0141
co	20	0	0153
ct	19	0	0127
