name S
special
charset
\|	6	0	0
\^	3	0	0
"	13	0	030
#	29	0	0137
<	36	0	0103
>	36	0	0101
@	36	0	022
\	15	0	041
^	15	0	0136
ul	18	0	040
_	"	=ul	0
\_	"	=ul	0
{	14	0	0132
}	14	0	0133
~	15	0	0142
sc	17	0	0155
aa	10	0	0134
ga	10	0	0135
sl	15	0	0104
*a	24	0	025
*b	23	3	012
*g	23	1	045
*d	19	2	011
*e	18	0	031
*z	18	3	07
*y	23	1	014
*h	19	2	02
*i	13	0	06
*k	21	0	017
*l	22	2	05
*m	25	1	04
*n	20	0	03
*c	20	3	013
*o	20	0	033
*p	27	0	021
*r	21	1	035
*s	27	0	010
*t	20	0	037
*u	21	0	016
*f	25	3	015
*c	22	1	027
*q	24	3	01
*w	25	0	051
*G	24	2	065
*D	26	2	0274
*H	28	2	056
*L	28	2	063
*C	27	2	0102
*P	29	2	067
*S	25	2	076
*U	28	2	0106
*F	29	2	055
*Q	32	2	042
*W	36	2	057
sr	30	0	075
ts	18	1	062
rn	18	0	061
>=	36	0	0127
<=	36	0	0126
==	36	0	0130
mi	27	0	064
~=	36	0	077
ap	36	0	072
!=	36	0	0131
->	36	0	0154
<-	36	0	034
ua	18	0	036
da	18	0	023
eq	27	0	032
mu	27	0	0123
di	27	0	0124
+-	36	0	0125
cu	36	0	060
ca	36	0	0105
sb	36	0	070
sp	36	0	071
ib	36	0	0150
ip	36	0	046
if	34	0	044
pd	21	0	073
gr	36	2	053
no	22	0	0107
is	24	0	066
pt	27	0	047
es	28	0	0143
mo	27	0	0141
pl	27	0	0153
br	0	0	0146
dd	17	0	0145
rh	42	0	050
lh	42	0	0140
**	16	0	0147
bs	41	0	043
or	9	0	026
ci	27	0	051
lt	9	0	0111
lb	9	0	0114
rt	9	0	0115
rb	9	0	0117
lk	9	0	0113
rk	9	0	0116
bv	9	0	0112
lf	9	0	0121
rf	9	0	0120
lc	9	0	0122
rc	9	0	0110
