.IS
...height 4
...width 4
...maxx 6.000000
...maxy 1.102950
...minx -0.001730
...miny -0.001350
...line 0.206900 0.155090 0.000000 0.000000
...line 0.413790 0.297980 0.206900 0.155090
...line 0.620690 0.428690 0.413790 0.297980
...line 0.827590 0.547250 0.620690 0.428690
...line 1.034480 0.653220 0.827590 0.547250
...line 1.241380 0.746470 1.034480 0.653220
...line 1.448280 0.826940 1.241380 0.746470
...line 1.655170 0.894650 1.448280 0.826940
...line 1.862070 0.949600 1.655170 0.894650
...line 2.068970 0.991850 1.862070 0.949600
...line 2.275860 1.021650 2.068970 0.991850
...line 2.482760 1.039420 2.275860 1.021650
...line 2.689660 1.049410 2.482760 1.039420
...line 2.896550 1.056570 2.689660 1.049410
.IE
