     59  
    138  
     24  
     49  
     56  
     75  
     38  
     97  
    124  
    242  
    109  
     84  
    109  
     48  
     88  
    125  
     98  
     79  
     35  
    117  
     48  
     49  
     90  
    107  
    130  
     63  
     89  
     88  
     50  
     32  
     61  
    135  
    113  
     58  
    259  
     54  
    120  
     70  
     45  
    113  
     56  
     47  
     63  
    273  
    186  
    206  
     59  
    138  
     24  
     49  
     56  
     75  
     38  
     97  
    124  
    242  
    109  
     84  
    109  
     48  
     88  
    125  
     98  
     79  
     35  
    117  
     48  
     49  
     90  
    107  
    130  
     63  
     89  
     88  
     50  
     32  
     61  
    135  
    113  
     58  
    259  
     54  
    120  
     70  
     45  
    113  
     56  
     47  
     63  
    264  
    129  
    149  
     59  
    138  
     24  
     49  
     56  
     75  
     38  
     97  
    124  
    242  
    109  
     84  
    109  
     48  
     88  
    125  
     98  
     79  
     35  
    117  
     48  
     49  
     90  
    107  
    130  
     63  
     89  
     88  
     50  
     32  
     61  
    135  
    113  
     58  
    259  
     54  
    120  
     70  
     45  
    113  
     56  
     47  
     63  
    264  
    129  
    149  
     59  
    138  
     24  
     49  
     56  
     75  
     38  
     97  
    124  
    242  
    109  
     84  
    109  
     48  
     88  
    125  
     98  
     79  
     35  
    117  
     48  
     49  
     90  
    107  
    130  
     63  
     89  
     88  
     50  
     32  
     61  
    135  
    113  
     58  
    259  
     54  
    120  
     70  
     45  
    113  
     56  
     47  
     63  
    264  
    129  
    149  
     59  
    138  
     24  
     49  
     56  
     75  
     38  
     97  
    124  
    242  
    109  
     84  
    109  
     48  
     88  
    125  
     98  
     79  
     35  
    117  
     48  
     49  
     90  
    107  
    130  
     63  
     89  
     88  
     50  
     32  
     61  
    135  
    113  
     58  
    259  
     54  
    120  
     70  
     45  
    113  
     56  
     47  
     63  
    264  
    129  
    149  
     59  
    138  
     88  
     59  
    138  
     88  
     49  
     56  
     75  
     38  
     97  
    124  
    242  
    109  
     84  
    109  
     48  
     88  
    125  
     98  
     79  
     35  
    117  
     70  
     48  
     49  
     90  
    107  
    130  
     63  
     89  
     88  
     50  
     32  
     61  
    121  
    135  
    113  
     58  
    259  
     54  
    120  
     70  
     45  
    113  
     56  
     47  
     56  
    264  
    129  
    149  
     59  
    136  
     88  
     49  
     54  
     72  
     35  
     95  
    122  
    228  
    107  
     84  
    110  
     48  
     85  
    125  
     98  
     77  
     35  
    117  
     70  
     44  
     45  
     90  
    107  
    128  
     63  
     89  
     87  
     50  
     30  
     61  
    121  
    134  
    107  
     59  
    257  
     54  
    120  
     69  
     45  
    112  
     56  
     47  
     56  
    201  
    129  
    147  
    115  
     90  
     50  
     54  
     74  
     95  
    118  
    184  
    105  
     80  
    105  
     98  
    110  
     88  
     74  
     34  
    116  
     70  
     45  
     89  
     80  
     64  
     88  
     57  
     30  
     61  
    121  
    128  
    109  
     60  
    253  
     54  
    124  
     69  
     45  
    112  
     56  
     53  
    200  
    147  
