# B 3 Times Bold
name B
internalname 3
# ligatures fi fl 0
charset
\|	4	0	0
\^	2	0	0
a	18	0	1
b	20	2	2
c	16	0	3
d	20	2	4
e	16	0	5
f	12	2	6
g	18	1	7
h	20	2	8
i	10	0	9
j	12	1	10
k	20	2	11
l	10	2	12
m	30	0	13
n	20	0	14
o	18	0	15
p	20	1	16
q	20	1	17
r	16	0	18
s	14	0	19
t	12	2	20
u	20	0	21
v	18	0	22
w	26	0	23
x	18	0	24
y	18	1	25
z	16	0	26
A	26	2	27
B	24	2	28
C	26	2	29
D	26	2	30
E	24	2	31
F	22	2	32
G	28	2	33
H	28	2	34
I	14	2	35
J	18	2	36
K	28	2	37
L	24	2	38
M	34	2	39
N	26	2	40
O	28	2	41
P	22	2	42
Q	28	3	43
R	26	2	44
S	20	2	45
T	24	2	46
U	26	2	47
V	26	2	48
W	36	2	49
X	26	2	50
Y	26	2	51
Z	24	2	52
&	30	0	53
1	18	2	54
2	18	2	55
3	18	2	56
4	18	2	57
5	18	2	58
6	18	2	59
7	18	2	60
8	18	2	61
9	18	2	62
0	18	2	63
.	12	0	64
,	12	0	65
:	12	0	66
;	12	0	67
?	18	0	68
!	12	0	69
(	12	0	70
)	12	0	71
hy	12	0	72
-	"	=hy
'	12	0	73
`	12	0	74
em	36	0	75
en	18	0	76
$	18	0	77
%	36	0	79
/	10	0	80
[	12	0	84
]	12	0	85
*	18	0	86
sc	18	0	87
dg	18	0	88
fi	20	2	120
fl	20	2	121
