# CW 85 constant width courier from GSI
name CW
internalname 85
spacewidth 21
charset
\|	21	0	0
\^	0	0	0
a	21	0	1
b	21	2	2
c	21	0	3
d	21	2	4
e	21	0	5
f	21	2	6
g	21	1	7
h	21	2	8
i	21	2	9
j	21	3	10
k	21	2	11
l	21	2	12
m	21	0	13
n	21	0	14
o	21	0	15
p	21	1	16
q	21	1	17
r	21	0	18
s	21	0	19
t	21	2	20
u	21	0	21
v	21	0	22
w	21	0	23
x	21	0	24
y	21	1	25
z	21	0	26
A	21	2	27
B	21	2	28
C	21	2	29
D	21	2	30
E	21	2	31
F	21	2	32
G	21	2	33
H	21	2	34
I	21	2	35
J	21	2	36
K	21	2	37
L	21	2	38
M	21	2	39
N	21	2	40
O	21	2	41
P	21	2	42
Q	21	3	43
R	21	2	44
S	21	2	45
T	21	2	46
U	21	2	47
V	21	2	48
W	21	2	49
X	21	2	50
Y	21	2	51
Z	21	2	52
&	21	0	53
1	21	2	54
2	21	2	55
3	21	2	56
4	21	2	57
5	21	2	58
6	21	2	59
7	21	2	60
8	21	2	61
9	21	2	62
0	21	2	63
.	21	0	64
,	21	0	65
:	21	0	66
;	21	0	67
?	21	0	68
!	21	0	69
(	21	0	70
)	21	0	71
hy	21	0	72
-	"	=hy
'	21	0	73
`	21	0	74
em	21	0	75
$	21	0	77
ct	21	0	78
%	21	0	79
/	21	0	80
fm	21	0	83
[	21	0	84
]	21	0	85
*	21	0	86
"	21	0	91
#	21	0	92
~	21	0	95
@	21	0	96
+	21	0	98
no	21	0	99
|	21	0	100
\	21	0	101
>	21	0	102
<	21	0	103
=	21	0	104
^	21	0	105
_	21	0	106
{	21	0	107
}	21	0	108
or	21	0	109
da	21	0	120
->	21	0	121
<-	21	0	122
ua	21	0	123
lh	21	0	124
dg	21	0	125
sq	21	0	126
