# H 11 Helvetica
name H
internalname 11
charset
\|	4	0	0
\^	2	0	0
a	19	0	1
b	20	2	2
c	18	0	3
d	20	2	4
e	19	0	5
f	10	2	6
g	20	1	7
h	20	2	8
i	8	2	9
j	8	3	10
k	18	2	11
l	8	2	12
m	29	0	13
n	19	0	14
o	20	0	15
p	20	1	16
q	20	1	17
r	12	0	18
s	18	0	19
t	10	2	20
u	20	0	21
v	18	0	22
w	26	0	23
x	18	0	24
y	18	1	25
z	18	0	26
A	24	2	27
B	24	2	28
C	26	2	29
D	26	2	30
E	24	2	31
F	22	2	32
G	28	2	33
H	26	2	34
I	10	2	35
J	18	2	36
K	24	2	37
L	20	2	38
M	30	2	39
N	26	2	40
O	28	2	41
P	24	2	42
Q	28	3	43
R	26	2	44
S	24	2	45
T	22	2	46
U	26	2	47
V	24	2	48
W	34	2	49
X	24	2	50
Y	24	2	51
Z	22	2	52
&	24	0	53
1	18	2	54
2	20	2	55
3	20	2	56
4	20	2	57
5	20	2	58
6	20	2	59
7	20	2	60
8	20	2	61
9	20	2	62
0	20	2	63
.	10	0	64
,	10	0	65
:	10	0	66
;	10	0	67
?	20	0	68
!	10	0	69
(	12	0	70
)	12	0	71
hy	12	0	72
-	"	=hy
'	8	0	73
`	8	0	74
em	36	0	75
en	20	0	76
$	20	0	77
%	32	0	79
/	10	0	80
[	10	0	84
]	10	0	85
*	14	0	86
sc	20	0	87
dg	20	0	88
fi	18	2	120
fl	18	2	121
