# HK 15 Helvetica Black
name HK
internalname 15
charset
\|	4	0	0
\^	2	0	0
a	24	0	1
b	24	2	2
c	24	0	3
d	24	2	4
e	24	0	5
f	14	2	6
g	24	1	7
h	24	2	8
i	12	2	9
j	12	3	10
k	24	2	11
l	12	2	12
m	36	0	13
n	24	0	14
o	24	0	15
p	24	1	16
q	24	1	17
r	16	0	18
s	22	0	19
t	16	2	20
u	24	0	21
v	22	0	22
w	34	0	23
x	24	0	24
y	22	1	25
z	20	0	26
A	28	2	27
B	28	2	28
C	28	2	29
D	28	2	30
E	26	2	31
F	24	2	32
G	30	2	33
H	30	2	34
I	14	2	35
J	24	2	36
K	30	2	37
L	24	2	38
M	34	2	39
N	30	2	40
O	30	2	41
P	26	2	42
Q	30	3	43
R	28	2	44
S	26	2	45
T	26	2	46
U	30	2	47
V	28	2	48
W	36	2	49
X	28	2	50
Y	28	2	51
Z	26	2	52
&	32	0	53
1	24	2	54
2	24	2	55
3	24	2	56
4	24	2	57
5	24	2	58
6	24	2	59
7	24	2	60
8	24	2	61
9	24	2	62
0	24	2	63
.	12	0	64
,	12	0	65
:	12	0	66
;	12	0	67
?	22	0	68
!	12	0	69
(	14	0	70
)	14	0	71
hy	12	0	72
-	"	=hy
'	10	0	73
`	10	0	74
em	36	0	75
en	24	0	76
$	24	0	77
%	36	0	79
/	10	0	80
[	14	0	84
]	14	0	85
*	20	0	86
sc	24	0	87
dg	24	0	88
fi	24	2	120
fl	24	2	121
