# I 2 Times Italic
name I
internalname 2
# ligatures fi fl 0
# made \| only 3 to help eqn
charset
\|	2	0	0
\^	2	0	0
a	18	0	1
b	18	2	2
c	16	0	3
d	18	2	4
e	16	0	5
f	10	2	6
g	18	1	7
h	18	2	8
i	10	0	9
j	11	1	10
k	16	2	11
l	10	2	12
m	26	0	13
n	18	0	14
o	18	0	15
p	18	1	16
q	18	1	17
r	14	0	18
s	14	0	19
t	10	2	20
u	18	0	21
v	16	0	22
w	24	0	23
x	16	0	24
y	16	1	25
z	14	0	26
A	22	2	27
B	22	2	28
C	24	2	29
D	26	2	30
E	22	2	31
F	22	2	32
G	26	2	33
H	26	2	34
I	12	2	35
J	16	2	36
K	24	2	37
L	20	2	38
M	30	2	39
N	24	2	40
O	26	2	41
P	22	2	42
Q	26	3	43
R	22	2	44
S	18	2	45
T	20	2	46
U	26	2	47
V	22	2	48
W	30	2	49
X	22	2	50
Y	20	2	51
Z	20	2	52
&	28	0	53
1	18	2	54
2	18	2	55
3	18	2	56
4	18	2	57
5	18	2	58
6	18	2	59
7	18	2	60
8	18	2	61
9	18	2	62
0	18	2	63
.	12	0	64
,	12	0	65
:	12	0	66
;	12	0	67
?	18	0	68
!	12	0	69
(	12	0	70
)	12	0	71
hy	12	0	72
-	"	=hy
'	12	0	73
`	12	0	74
em	32	0	75
en	18	0	76
$	18	0	77
%	30	0	79
/	10	0	80
[	14	0	84
]	14	0	85
*	18	0	86
sc	18	0	87
dg	18	0	88
fi	18	2	120
fl	18	2	121
