# home-brew special font
name S
special
internalname 103
charset
ct	23	0	1
dd	16	0	2
aa	12	0	3
ga	12	0	4
^	12	0	5
..	12	0	6
~	12	0	7
hc	12	0	8
cd	12	0	9
co	20	0	10
rg	20	0	11
tm	20	0	12
@	36	0	13
pp	17	0	14
fe	24	0	15
ma	24	0	16
bu	19	0	17
bx	19	0	18
ob	19	0	19
ci	31	0	20
sq	19	0	21
#	28	0	22
tp	34	0	23
rh	35	0	24
lh	36	0	25
*a	23	0	26
*b	23	2	27
*q	23	2	28
*d	19	2	29
*e	17	0	30
*f	25	2	31
*g	21	2	32
*y	23	0	33
*i	13	0	34
*c	17	2	35
*k	21	0	36
*l	21	2	37
*m	25	0	38
*n	19	0	39
*o	19	0	40
*p	25	0	41
*r	19	1	42
*s	23	0	43
*t	17	0	44
*h	19	2	45
*w	25	0	46
*x	21	0	47
*u	19	0	48
*z	17	2	49
*Q	31	2	50
*D	25	2	51
*F	29	2	52
*G	23	2	53
*C	29	2	54
*L	27	2	55
*H	25	2	56
*W	27	2	57
+	31	0	58
pl	"
mi	31	0	59
\-	"
mu	31	0	60
=	31	0	61
eq	"
di	31	0	62
+-	31	0	63
de	13	0	64
fm	13	0	65
al	23	2	66
es	31	0	67
pt	25	0	68
if	25	0	69
ts	17	0	70
gr	25	2	71
pd	19	2	72
>	31	0	73
<	31	0	74
>=	31	0	75
<=	31	0	76
or	11	2	77
sl	11	2	78
\	11	2	79
ap	31	0	80
~=	31	0	81
~~	31	0	82
==	31	0	83
**	19	0	85
Sl	18	2	86
{	13	0	87
}	13	0	88
|	5	0	89
sr	33	0	90
is	18	0	91
*S	24	0	92
*P	24	0	93
sb	30	0	94
sp	30	0	95
ca	30	0	96
cu	30	0	97
ib	30	0	98
ip	30	0	99
mo	24	0	100
br	0	0	101
ru	17	0	102
l.	0	0	103
L.	2	0	104
b0	36	0	106
bs	36	0	0
b9	36	0	107
->	20	0	108
<-	20	0	109
ua	13	0	110
da	13	0	111
!=	31	0	112
lf	17	0	113
rf	17	0	114
lc	17	0	115
rc	17	0	116
_	17	0	117
ul	"
\_	"
bv	17	0	118
lt	17	0	119
rt	17	0	120
lb	17	0	121
rb	17	0	122
lk	17	0	123
rk	17	0	124
"	15	0	125
fa	29	0	126
te	25	0	127
rn	17	0	128
12	21	0	129
14	21	0	130
34	21	0	131
no	21	0	132
vr	0	0	133
L1	36	0	106
L2	36	0	106
