# Times Roman Bold Italic
name BI
internalname 28961
ligatures fi ff fl ffi ffl 0
charset
\|	12	0	0
\^	6	0	0
A	65	0	1
B	67	0	2
C	73	0	3
D	76	0	4
E	68	0	5
F	62	0	6
G	70	0	7
H	86	0	8
I	45	0	9
J	49	0	10
K	75	0	11
L	65	0	12
M	101	0	13
N	81	0	14
O	75	0	15
P	64	0	16
Q	72	0	17
R	69	0	18
S	66	0	19
T	62	0	20
U	72	0	21
V	64	0	22
W	95	0	23
X	73	0	24
Y	65	0	25
Z	76	0	26
a	50	0	27
b	50	0	28
c	44	0	29
d	54	0	30
e	44	0	31
f	36	0	32
g	50	0	33
h	52	0	34
i	35	0	35
j	35	0	36
k	55	0	37
l	35	0	38
m	79	0	39
n	53	0	40
o	48	0	41
p	51	0	42
q	49	0	43
r	39	0	44
s	40	0	45
t	34	0	46
u	52	0	47
v	39	0	48
w	63	0	49
x	52	0	50
y	48	0	51
z	44	0	52
1	52	0	53
2	52	0	54
3	52	0	55
4	52	0	56
5	52	0	57
6	52	0	58
7	52	0	59
8	52	0	60
9	52	0	61
0	52	0	62
$	52	0	63
ct	52	0	64
&	73	0	65
:	26	0	66
;	26	0	67
.	26	0	68
,	26	0	69
`	26	0	70
'	26	0	71
?	52	0	72
!	26	0	73
%	79	0	74
*	52	0	75
(	41	0	76
)	41	0	77
/	52	0	78
hy	43	0	79
-	"
em	104	0	80
ff	66	0	82
fi	57	0	83
fl	66	0	84
Fi	85	0	85
Fl	92	0	86
14	78	0	91
12	76	0	92
34	78	0	93
co	50	0	111
rg	50	0	112
tm	50	0	113
#	52	0	116
@	78	0	120
bu	28	0	121
de	53	0	123
dg	52	0	124
dd	52	0	125
sc	52	0	126
[	41	0	127
]	41	0	128
