# News Gothic Condensed
name C
internalname 19681
ligatures fi ff fl ffi ffl 0
charset
\|	12	0	0
\^	6	0	0
A	45	2	1
B	48	2	2
C	46	2	3
D	48	2	4
E	43	2	5
F	43	2	6
G	50	2	7
H	49	2	8
I	19	2	9
J	28	2	10
K	47	2	11
L	41	2	12
M	61	2	13
N	51	2	14
O	49	2	15
P	45	2	16
Q	49	2	17
R	46	2	18
S	44	2	19
T	41	2	20
U	48	2	21
V	43	2	22
W	64	2	23
X	44	2	24
Y	44	2	25
Z	41	2	26
a	40	0	27
b	42	2	28
c	38	0	29
d	41	2	30
e	38	0	31
f	26	2	32
g	38	1	33
h	41	2	34
i	19	0	35
j	20	1	36
k	39	2	37
l	19	2	38
m	63	0	39
n	42	0	40
o	41	0	41
p	41	1	42
q	42	1	43
r	30	0	44
s	36	0	45
t	28	0	46
u	42	0	47
v	39	0	48
w	56	0	49
x	36	0	50
y	39	1	51
z	34	0	52
1	44	2	53
2	44	2	54
3	44	2	55
4	44	2	56
5	44	2	57
6	44	2	58
7	44	2	59
8	44	2	60
9	44	2	61
0	44	2	62
$	44	0	63
ct	44	0	64
&	54	0	65
:	22	0	66
;	22	0	67
.	22	0	68
,	22	0	69
`	22	0	70
'	22	0	71
?	44	0	72
!	22	0	73
%	66	0	74
*	44	0	75
(	44	0	76
)	44	0	77
/	44	0	78
hy	22	0	79
-	"
em	88	0	80
ff	48	0	82
fi	43	0	83
fl	43	0	84
Fi	64	0	85
Fl	64	0	86
14	66	0	91
12	66	0	92
34	66	0	93
co	50	0	111
rg	50	0	112
tm	50	0	113
#	75	0	116
@	85	0	120
bu	28	0	121
de	51	0	123
dg	50	0	124
dd	51	0	125
sc	52	0	126
[	25	0	127
]	25	0	128
