# Constant Width (also PO)
name CW
internalname 10941
spacewidth 68
max_range 2
charset
A	68	0	1
B	68	0	2
C	68	0	3
D	68	0	4
E	68	0	5
F	68	0	6
G	68	0	7
H	68	0	8
I	68	0	9
J	68	0	10
K	68	0	11
L	68	0	12
M	68	0	13
N	68	0	14
O	68	0	15
P	68	0	16
Q	68	0	17
R	68	0	18
S	68	0	19
T	68	0	20
U	68	0	21
V	68	0	22
W	68	0	23
X	68	0	24
Y	68	0	25
Z	68	0	26
a	68	0	27
b	68	0	28
c	68	0	29
d	68	0	30
e	68	0	31
f	68	0	32
g	68	0	33
h	68	0	34
i	68	0	35
j	68	0	36
k	68	0	37
l	68	0	38
m	68	0	39
n	68	0	40
o	68	0	41
p	68	0	42
q	68	0	43
r	68	0	44
s	68	0	45
t	68	0	46
u	68	0	47
v	68	0	48
w	68	0	49
x	68	0	50
y	68	0	51
z	68	0	52
1	68	0	53
2	68	0	54
3	68	0	55
4	68	0	56
5	68	0	57
6	68	0	58
7	68	0	59
8	68	0	60
9	68	0	61
0	68	0	62
$	68	0	63
ct	68	0	64
&	68	0	65
:	68	0	66
;	68	0	67
.	68	0	68
,	68	0	69
`	68	0	70
'	68	0	71
?	68	0	72
!	68	0	73
%	68	0	74
*	68	0	75
(	68	0	76
)	68	0	77
/	68	0	78
sl	"
hy	68	0	79
-	"
=	68	0	80
+	68	0	81
no	68	0	82
<	68	0	83
>	68	0	84
{	68	0	85
}	68	0	86
^	68	0	91
~	68	0	92
"	68	0	93
fm	68	0	94
_	68	0	109
|	68	0	110
or	"
lh	68	0	111	
\	68	0	112
#	68	0	116
@	68	0	120
sq	68	0	121	
->	68	0	122
<-	68	0	123
dg	68	0	124	
ua	68	0	125
da	68	0	126
[	68	0	127
]	68	0	128
