# Greek
name GR
internalname 13961
special
max_range 2
charset
*A	68	2	1
*B	62	2	2
*G	58	2	3	max_range 3
*D	66	2	4
*E	61	2	5
*Z	55	2	6
*Y	75	2	7
*H	63	2	8
*I	37	2	9
*K	75	2	10
*L	67	2	11
*M	84	2	12
*N	74	2	13
*C	66	2	14
*O	62	2	15
*P	76	2	16	max_range 3
*R	57	2	17
*S	62	2	18	max_range 3
*T	62	2	19
*F	65	2	21
*X	72	2	22
*a	58	0	27
*b	55	2	28
*g	58	2	29
*d	41	2	30
*e	33	0	31
*z	39	2	32
*y	47	0	33
*h	43	2	34
*i	26	0	35
*k	41	0	36
*l	51	2	37
*m	54	0	38
*n	40	0	39
*c	43	2	40
*o	41	0	41
*p	59	0	42
*r	49	0	43
*s	50	0	44
*t	46	0	45
*u	42	0	46
*f	58	0	47
*x	58	1	48
*q	59	2	49
*w	61	0	50
pd	50	2	52
gr	68	2	53
