# Helvetica Regular (also Geneva Regular)
name H
internalname 12641
ligatures fi ff fl ffi ffl 0
charset
\|	12	0	0
\^	6	0	0
A	64	0	1
B	64	0	2
C	68	0	3
D	66	0	4
E	60	0	5
F	60	0	6
G	70	0	7
H	63	0	8
I	24	0	9
J	51	0	10
K	64	0	11
L	56	0	12
M	80	0	13
N	66	0	14
O	74	0	15
P	62	0	16
Q	76	0	17
R	66	0	18
S	64	0	19
T	56	0	20
U	66	0	21
V	64	0	22
W	90	0	23
X	64	0	24
Y	66	0	25
Z	60	0	26
a	56	0	27
b	56	0	28
c	54	0	29
d	56	0	30
e	56	0	31
f	30	0	32
g	56	0	33
h	54	0	34
i	24	0	35
j	24	0	36
k	52	0	37
l	24	0	38
m	76	0	39
n	50	0	40
o	56	0	41
p	56	0	42
q	56	0	43
r	34	0	44
s	52	0	45
t	32	0	46
u	50	0	47
v	48	0	48
w	70	0	49
x	52	0	50
y	50	0	51
z	48	0	52
1	56	0	53
2	56	0	54
3	56	0	55
4	56	0	56
5	56	0	57
6	56	0	58
7	56	0	59
8	56	0	60
9	56	0	61
0	56	0	62
$	56	0	63
ct	56	0	64
&	64	0	65
:	28	0	66
;	28	0	67
.	28	0	68
,	28	0	69
`	28	0	70
'	28	0	71
?	52	0	72
!	28	0	73
%	84	0	74
*	56	0	75
(	36	0	76
)	36	0	77
/	56	0	78
hy	32	0	79
-	"
em	112	0	80
en	56	0	81
ff	53	0	82
fi	48	0	83
fl	48	0	84
Fi	71	0	85
Fl	71	0	86
14	84	0	91
12	84	0	92
34	84	0	93
co	50	0	111
rg	50	0	112
tm	50	0	113
#	75	0	116
@	84	0	120
bu	28	0	121
de	56	0	123
dg	56	0	124
dd	56	0	125
sc	56	0	126
[	32	0	127
]	32	0	128
