# Helvetica Black (also Helvetica Medium, Geneva Medium)
name HB
internalname 12561
ligatures fi ff fl ffi ffl 0
charset
\|	12	0	0
\^	6	0	0
A	66	0	1
B	66	0	2
C	70	0	3
D	70	0	4
E	64	0	5
F	62	0	6
G	74	0	7
H	66	0	8
I	28	0	9
J	54	0	10
K	68	0	11
L	56	0	12
M	80	0	13
N	68	0	14
O	74	0	15
P	62	0	16
Q	76	0	17
R	64	0	18
S	64	0	19
T	62	0	20
U	68	0	21
V	64	0	22
W	90	0	23
X	62	0	24
Y	62	0	25
Z	62	0	26
a	56	0	27
b	60	0	28
c	56	0	29
d	60	0	30
e	58	0	31
f	36	0	32
g	60	0	33
h	56	0	34
i	26	0	35
j	26	0	36
k	58	0	37
l	26	0	38
m	84	0	39
n	58	0	40
o	60	0	41
p	60	0	42
q	60	0	43
r	38	0	44
s	52	0	45
t	36	0	46
u	56	0	47
v	52	0	48
w	78	0	49
x	56	0	50
y	54	0	51
z	50	0	52
1	60	0	53
2	60	0	54
3	60	0	55
4	60	0	56
5	60	0	57
6	60	0	58
7	60	0	59
8	60	0	60
9	60	0	61
0	60	0	62
$	60	0	63
ct	60	0	64
&	70	0	65
:	30	0	66
;	30	0	67
.	30	0	68
,	30	0	69
`	30	0	70
'	30	0	71
?	30	0	72
!	30	0	73
%	90	0	74
*	30	0	75
(	32	0	76
)	32	0	77
/	60	0	78
hy	30	0	79
-	"
em	120	0	80
en	60	0	81
ff	61	0	82
fi	54	0	83
fl	54	0	84
Fi	83	0	85
Fl	83	0	86
14	90	0	91
12	90	0	92
34	90	0	93
co	64	0	111
rg	64	0	112
tm	64	0	113
#	90	0	116
@	90	0	120
bu	28	0	121
de	30	0	123
dg	60	0	124
dd	60	0	125
sc	60	0	126
[	30	0	127
]	30	0	128
