# Times Roman Italic (with 15 characters from new disk)
name I
internalname 29241
alternate_font
ligatures fi ff fl ffi ffl 0
charset
\|	12	0	0
\^	6	0	0
A	73	2	1
B	65	2	2
C	69	2	3
D	73	2	4
E	70	2	5
F	63	2	6
G	72	2	7
H	82	2	8
I	40	2	9
J	52	2	10
K	72	2	11
L	62	2	12
M	97	2	13
N	79	2	14
O	72	2	15
P	63	2	16
Q	74	2	17
R	75	2	18
S	63	2	19
T	69	2	20
U	72	2	21
V	68	2	22
W	94	2	23
X	71	2	24
Y	69	2	25
Z	72	2	26
a	52	0	27
b	51	2	28
c	43	0	29
d	55	2	30
e	44	0	31
f	36	2	32
g	50	1	33
h	55	2	34
i	30	0	35
j	34	1	36
k	57	2	37
l	32	2	38
m	82	0	39
n	51	0	40
o	51	0	41
p	53	1	42
q	52	1	43
r	40	0	44
s	41	0	45
t	34	0	46
u	56	0	47
v	45	0	48
w	67	0	49
x	56	0	50
y	50	1	51
z	46	0	52
1	52	2	53
2	52	2	54
3	52	2	55
4	52	2	56
5	52	2	57
6	52	2	58
7	52	2	59
8	52	2	60
9	52	2	61
0	52	2	62
$	52	0	63
ct	52	0	64
&	84	0	65
:	26	0	66
;	26	0	67
.	26	0	68
,	26	0	69
`	26	0	70
'	26	0	71
?	44	0	72
!	36	0	73
%	104	0	74
*	52	0	75
(	40	0	86		font 21
)	40	0	87		font 21
/	24	0	90		font 21
hy	35	0	98		font 21
-	"
em	96	0	97		font 21
en	52	0	81
ff	62	0	82
fi	58	0	83
fl	60	0	84
Fi	84	0	85
Fl	88	0	86
14	78	0	91
12	78	0	92
34	78	0	93
co	50	0	111
rg	50	0	112
tm	50	0	113
#	72	0	13		font 21
@	104	0	14		font 21
bu	72	0	95		font 21
de	54	0	123
dg	52	0	124
dd	46	0	49		font 21
sc	46	0	42		font 21
[	34	0	92		font 21
]	34	0	93		font 21
+	96	0	88		font 21
\-	96	0	89		font 21
=	96	0	91		font 21
|	5	2	94		font 21
sq	72	0	96		font 21
ru	48	0	99		font 21
fm	19	2	100		font 21
