# Palatino (also Malibu)
name PA
internalname 18001
ligatures fi ff fl ffi ffl 0
charset
\|	12	0	0
\^	6	0	0
A	76	0	1
B	60	0	2
C	70	0	3
D	78	0	4
E	58	0	5
F	56	0	6
G	74	0	7
H	85	0	8
I	36	0	9
J	37	0	10
K	73	0	11
L	61	0	12
M	96	0	13
N	85	0	14
O	80	0	15
P	62	0	16
Q	78	0	17
R	67	0	18
S	55	0	19
T	62	0	20
U	79	0	21
V	73	0	22
W	98	0	23
X	68	0	24
Y	68	0	25
Z	66	0	26
a	48	0	27
b	57	0	28
c	45	0	29
d	60	0	30
e	50	0	31
f	37	0	32
g	57	0	33
h	63	0	34
i	32	0	35
j	24	0	36
k	57	0	37
l	33	0	38
m	88	0	39
n	63	0	40
o	55	0	41
p	60	0	42
q	57	0	43
r	41	0	44
s	41	0	45
t	34	0	46
u	60	0	47
v	57	0	48
w	83	0	49
x	51	0	50
y	56	0	51
z	50	0	52
1	52	0	53
2	52	0	54
3	52	0	55
4	52	0	56
5	52	0	57
6	52	0	58
7	52	0	59
8	52	0	60
9	52	0	61
0	52	0	62
$	52	0	63
ct	52	0	64
&	75	0	65
:	26	0	66
;	26	0	67
.	26	0	68
,	26	0	69
`	26	0	70
'	26	0	71
?	43	0	72
!	26	0	73
%	75	0	74
*	52	0	75
(	34	0	76
)	34	0	77
/	52	0	78
hy	34	0	79
-	"
em	104	0	80
en	52	0	81
ff	66	0	82
fi	63	0	83
fl	63	0	84
Fi	92	0	85
Fl	92	0	86
14	78	0	91
12	78	0	92
34	78	0	93
co	50	0	111
rg	50	0	112
tm	50	0	113
#	78	0	116
@	104	0	120
bu	28	0	121
de	52	0	123
dg	52	0	124
dd	52	0	125
sc	52	0	126
[	29	0	127
]	30	0	128
