# Palatino Bold (also Malibu Bold)
name PB
internalname 18041
ligatures fi ff fl ffi ffl 0
charset
\|	12	0	0
\^	6	0	0
A	78	0	1
B	63	0	2
C	72	0	3
D	84	0	4
E	61	0	5
F	57	0	6
G	79	0	7
H	86	0	8
I	41	0	9
J	43	0	10
K	78	0	11
L	63	0	12
M	102	0	13
N	85	0	14
O	84	0	15
P	63	0	16
Q	84	0	17
R	74	0	18
S	58	0	19
T	67	0	20
U	79	0	21
V	79	0	22
W	101	0	23
X	68	0	24
Y	69	0	25
Z	65	0	26
a	50	0	27
b	61	0	28
c	46	0	29
d	61	0	30
e	50	0	31
f	41	0	32
g	56	0	33
h	63	0	34
i	35	0	35
j	32	0	36
k	63	0	37
l	35	0	38
m	91	0	39
n	63	0	40
o	57	0	41
p	61	0	42
q	61	0	43
r	42	0	44
s	43	0	45
t	37	0	46
u	61	0	47
v	59	0	48
w	85	0	49
x	52	0	50
y	59	0	51
z	50	0	52
1	52	0	53
2	52	0	54
3	52	0	55
4	52	0	56
5	52	0	57
6	52	0	58
7	52	0	59
8	52	0	60
9	52	0	61
0	52	0	62
$	52	0	63
ct	52	0	64
&	80	0	65
:	26	0	66
;	26	0	67
.	26	0	68
,	26	0	69
`	26	0	70
'	26	0	71
?	49	0	72
!	26	0	73
%	78	0	74
*	52	0	75
(	34	0	76
)	34	0	77
/	52	0	78
hy	40	0	79
-	"
em	104	0	80
en	52	0	81
ff	77	0	82
fi	71	0	83
fl	71	0	84
Fi	105	0	85
Fl	105	0	86
14	78	0	91
12	78	0	92
34	78	0	93
co	50	0	111
rg	50	0	112
tm	50	0	113
#	75	0	116
@	101	0	120
bu	28	0	121
de	39	0	123
dg	50	0	124
dd	50	0	125
sc	50	0	126
[	25	0	127
]	25	0	128
