# Palatino Italic (also Malibu Italic)
name PI
internalname 18081
ligatures fi ff fl ffi ffl 0
charset
\|	12	0	0
\^	6	0	0
A	72	0	1
B	58	0	2
C	63	0	3
D	74	0	4
E	55	0	5
F	56	0	6
G	68	0	7
H	79	0	8
I	35	0	9
J	37	0	10
K	68	0	11
L	54	0	12
M	99	0	13
N	80	0	14
O	75	0	15
P	59	0	16
Q	74	0	17
R	65	0	18
S	50	0	19
T	60	0	20
U	77	0	21
V	71	0	22
W	93	0	23
X	72	0	24
Y	69	0	25
Z	63	0	26
a	47	0	27
b	43	0	28
c	42	0	29
d	52	0	30
e	42	0	31
f	34	0	32
g	49	0	33
h	52	0	34
i	25	0	35
j	30	0	36
k	49	0	37
l	29	0	38
m	77	0	39
n	54	0	40
o	46	0	41
p	51	0	42
q	46	0	43
r	38	0	44
s	37	0	45
t	34	0	46
u	52	0	47
v	51	0	48
w	72	0	49
x	49	0	50
y	52	0	51
z	45	0	52
1	50	0	53
2	50	0	54
3	50	0	55
4	50	0	56
5	50	0	57
6	50	0	58
7	50	0	59
8	50	0	60
9	50	0	61
0	50	0	62
$	50	0	63
ct	50	0	64
&	75	0	65
:	25	0	66
;	25	0	67
.	25	0	68
,	25	0	69
`	25	0	70
'	25	0	71
?	40	0	72
!	25	0	73
%	75	0	74
*	55	0	75
(	34	0	76
)	34	0	77
/	50	0	78
hy	38	0	79
-	"
em	100	0	80
en	50	0	81
ff	57	0	82
fi	54	0	83
fl	57	0	84
Fi	78	0	85
Fl	80	0	86
14	75	0	91
12	75	0	92
34	75	0	93
co	50	0	111
rg	50	0	112
tm	50	0	113
#	75	0	116
@	100	0	120
bu	28	0	121
de	50	0	123
dg	50	0	124
dd	50	0	125
sc	50	0	126
[	34	0	127
]	34	0	128
