name S1
internalname 32051
special
max_range 2
charset
-+	100	0	7
!<	100	0	12
!>	100	0	13
le	100	0	14
ge	100	0	15
el	100	0	16
eg	100	0	17
LE	100	0	18
GE	100	0	19
EL	100	0	20
EG	100	0	21
<>	100	0	28
><	100	0	29
as	100	0	30
os	100	0	31
RC	100	0	43
SQ	100	0	44
UT	100	0	45
DT	100	0	46
RB	100	0	47
CB	100	0	48
=.	100	0	50
gp	100	0	53
=p	100	0	54
4d	75	0	55
tf	100	0	57
bc	100	0	59
an	50	0	65
ra	50	0	66
pp	100	0	67
cy	100	0	68
!=	100	0	70
de	50	0	71
ps	50	0	76
rd	50	0	81
ld	50	0	83
lh	100	0	85
rh	100	0	87
