# Techno Bold (also Futura Demi-Bold, Utica Demi-Bold)
name TB
internalname 27201
ligatures fi ff fl ffi ffl 0
charset
\|	12	0	0
\^	6	0	0
A	66	0	1
B	55	0	2
C	61	0	3
D	61	0	4
E	48	0	5
F	45	0	6
G	72	0	7
H	67	0	8
I	26	0	9
J	44	0	10
K	60	0	11
L	38	0	12
M	83	0	13
N	71	0	14
O	72	0	15
P	52	0	16
Q	72	0	17
R	55	0	18
S	50	0	19
T	50	0	20
U	66	0	21
V	65	0	22
W	88	0	23
X	66	0	24
Y	60	0	25
Z	57	0	26
a	55	0	27
b	55	0	28
c	39	0	29
d	57	0	30
e	50	0	31
f	33	0	32
g	56	0	33
h	56	0	34
i	24	0	35
j	24	0	36
k	49	0	37
l	24	0	38
m	83	0	39
n	56	0	40
o	49	0	41
p	55	0	42
q	55	0	43
r	32	0	44
s	38	0	45
t	33	0	46
u	57	0	47
v	48	0	48
w	83	0	49
x	50	0	50
y	48	0	51
z	44	0	52
1	55	0	53
2	55	0	54
3	55	0	55
4	55	0	56
5	55	0	57
6	55	0	58
7	55	0	59
8	55	0	60
9	55	0	61
0	55	0	62
$	55	0	63
ct	55	0	64
&	82	0	65
:	28	0	66
;	28	0	67
.	28	0	68
,	28	0	69
`	28	0	70
'	28	0	71
?	55	0	72
!	28	0	73
%	90	0	74
*	55	0	75
(	25	0	76
)	25	0	77
/	55	0	78
hy	32	0	79
-	"
em	110	0	80
en	50	0	81
ff	61	0	82
fi	56	0	83
fl	56	0	84
Fi	84	0	85
Fl	84	0	86
14	83	0	91
12	83	0	92
34	83	0	93
co	50	0	111
rg	50	0	112
tm	50	0	113
#	82	0	116
@	110	0	120
bu	28	0	121
de	55	0	123
dg	55	0	124
dd	55	0	125
sc	55	0	126
[	24	0	127
]	24	0	128
