# Constant Width (also PO)
# This version has widths set to 60 instead of 68
# in an attempt to squeeze the characters closer
# together
name CW
internalname 10941
spacewidth 60
max_range 2
charset
A	60	2	1
B	60	2	2
C	60	2	3
D	60	2	4
E	60	2	5
F	60	2	6
G	60	2	7
H	60	2	8
I	60	2	9
J	60	2	10
K	60	2	11
L	60	2	12
M	60	2	13
N	60	2	14
O	60	2	15
P	60	2	16
Q	60	2	17
R	60	2	18
S	60	2	19
T	60	2	20
U	60	2	21
V	60	2	22
W	60	2	23
X	60	2	24
Y	60	2	25
Z	60	2	26
a	60	0	27
b	60	2	28
c	60	0	29
d	60	2	30
e	60	0	31
f	60	2	32
g	60	1	33
h	60	2	34
i	60	0	35
j	60	1	36
k	60	2	37
l	60	2	38
m	60	0	39
n	60	0	40
o	60	0	41
p	60	1	42
q	60	1	43
r	60	0	44
s	60	0	45
t	60	2	46
u	60	0	47
v	60	0	48
w	60	0	49
x	60	0	50
y	60	1	51
z	60	0	52
1	60	2	53
2	60	2	54
3	60	2	55
4	60	2	56
5	60	2	57
6	60	2	58
7	60	2	59
8	60	2	60
9	60	2	61
0	60	2	62
$	60	0	63
ct	60	3	64
&	60	0	65
:	60	0	66
;	60	0	67
.	60	0	68
,	60	0	69
`	60	0	70
'	60	0	71
?	60	0	72
!	60	0	73
%	60	0	74
*	60	0	75
(	60	0	76
)	60	0	77
/	60	2	78
sl	"
hy	60	0	79
-	"
=	60	0	80
+	60	0	81
no	60	0	82
<	60	0	83
>	60	0	84
{	60	0	85
}	60	0	86
^	60	0	91
~	60	0	92
"	60	0	93
fm	60	2	94
_	60	0	109
ul	"
|	60	0	110
or	"
lh	60	2	111
\	60	0	112
#	60	0	116
@	60	0	120
sq	60	0	121
->	60	0	122
<-	60	0	123
dg	60	3	124
ua	60	3	125
da	60	3	126
[	60	0	127
]	60	0	128
