name S1
internalname 32051
special
max_range 2
charset
-+	100	0	7
!<	100	2	12
!>	100	2	13
le	100	2	14
ge	100	2	15
el	100	2	16
eg	100	2	17
LE	100	2	18
GE	100	2	19
EL	100	2	20
EG	100	2	21
<>	100	3	28
><	100	3	29
as	100	2	30
os	100	2	31
RC	100	2	43
TR	100	2	45
RB	100	0	47
CB	100	2	48
=.	100	0	50
=:	100	0	52
gp	100	0	53
=p	100	0	54
4d	75	0	55
tf	100	2	57
bc	100	2	59
an	50	2	65
ra	50	2	66
pp	100	2	67
cy	100	0	68
de	50	2	71
ps	50	2	76
rd	50	0	81
ld	50	0	83
vs	68	0	121	font 10941
cs	68	2	124	font 10941
