O 15.070 -10.940 15.986 1.27
C 15.727 -12.087 15.402 0.77
C 15.354 -12.080 13.941 0.77
O 16.563 -11.874 13.189 1.27
C 14.641 -13.299 13.365 0.77
O 13.559 -12.964 12.485 1.27
C 15.805 -13.998 12.670 0.77
C 16.563 -12.812 12.113 0.77
N 17.973 -13.179 11.778 1.5
C 18.211 -13.859 10.610 0.77
O 17.268 -14.095 9.867 1.27
N 19.444 -14.247 10.286 1.5
C 20.466 -13.997 11.104 0.77
N 21.727 -14.340 10.709 1.5
C 20.268 -13.340 12.328 0.77
C 18.980 -12.927 12.665 0.77
P 12.150 -12.502 13.056 1.9
O 11.189 -12.633 11.952 1.27
O 11.800 -13.304 14.262 1.27
O 12.336 -10.963 13.505 1.27
C 12.185 -9.836 12.591 0.77
C 12.186 -8.588 13.454 0.77
O 13.332 -8.827 14.269 1.27
C 12.405 -7.230 12.754 0.77
O 11.277 -6.306 12.822 1.27
C 13.665 -6.671 13.414 0.77
C 13.936 -7.585 14.599 0.77
N 15.396 -7.910 14.631 1.5
C 16.265 -7.919 15.693 0.77
N 17.517 -8.272 15.336 1.5
C 17.428 -8.491 14.007 0.77
C 18.441 -8.861 13.062 0.77
O 19.651 -9.020 13.242 1.27
N 17.913 -9.054 11.810 1.5
C 16.608 -8.922 11.437 0.77
N 16.308 -9.130 10.124 1.5
N 15.670 -8.516 12.296 1.5
C 16.149 -8.324 13.557 0.77
P 10.593 -5.795 11.471 1.9
O 10.158 -7.023 10.708 1.27
O 9.485 -4.863 11.637 1.27
O 11.760 -5.110 10.624 1.27
C 11.476 -4.574 9.304 0.77
C 12.764 -4.582 8.509 0.77
O 13.817 -4.468 9.478 1.27
C 13.144 -5.875 7.735 0.77
O 13.651 -5.683 6.414 1.27
C 14.209 -6.491 8.619 0.77
C 14.910 -5.193 8.927 0.77
N 15.893 -5.338 9.994 1.5
C 17.068 -5.960 9.702 0.77
O 17.242 -6.384 8.545 1.27
N 18.004 -6.067 10.645 1.5
C 17.800 -5.555 11.860 0.77
N 18.788 -5.648 12.792 1.5
C 16.605 -4.913 12.196 0.77
C 15.628 -4.805 11.219 0.77
P 12.664 -5.862 5.182 1.9
O 13.513 -6.246 4.021 1.27
O 11.585 -6.795 5.595 1.27
O 11.997 -4.414 5.014 1.27
C 12.701 -3.194 5.138 0.77
C 11.627 -2.135 5.241 0.77
O 10.945 -2.131 6.520 1.27
C 12.052 -.718 4.929 0.77
O 11.618 -.317 3.629 1.27
C 11.395 .142 5.986 0.77
C 10.917 -.809 7.080 0.77
N 11.707 -.827 8.368 1.5
C 11.230 -.752 9.651 0.77
N 12.183 -.934 10.581 1.5
C 13.296 -1.139 9.856 0.77
C 14.626 -1.415 10.290 0.77
O 15.056 -1.477 11.436 1.27
N 15.470 -1.649 9.224 1.5
C 15.137 -1.615 7.908 0.77
N 16.103 -1.893 6.987 1.5
N 13.899 -1.308 7.511 1.5
C 13.046 -1.071 8.520 0.77
O 24.850 -3.043 9.263 1.27
C 24.419 -4.371 8.969 0.77
C 23.275 -4.306 7.986 0.77
O 22.002 -4.430 8.638 1.27
C 23.153 -3.124 7.036 0.77
O 22.749 -3.606 5.758 1.27
C 22.070 -2.305 7.711 0.77
C 21.129 -3.432 8.128 0.77
N 20.256 -3.037 9.270 1.5
C 18.963 -2.687 9.018 0.77
O 18.560 -2.717 7.865 1.27
N 18.146 -2.352 10.022 1.5
C 18.586 -2.346 11.277 0.77
N 17.736 -2.008 12.280 1.5
C 19.900 -2.696 11.588 0.77
C 20.750 -3.047 10.543 0.77
P 23.839 -3.980 4.653 1.9
O 23.140 -4.242 3.404 1.27
O 24.819 -2.888 4.482 1.27
O 24.554 -5.328 5.132 1.27
C 23.840 -6.581 4.976 0.77
C 24.741 -7.713 5.366 0.77
O 25.110 -7.503 6.734 1.27
C 24.047 -9.056 5.250 0.77
O 24.703 -9.931 4.330 1.27
C 24.026 -9.587 6.677 0.77
C 24.938 -8.701 7.489 0.77
N 24.293 -8.226 8.735 1.5
C 24.893 -8.057 9.948 0.77
N 24.057 -7.606 10.893 1.5
C 22.879 -7.470 10.254 0.77
C 21.625 -7.023 10.776 0.77
O 21.368 -6.661 11.915 1.27
N 20.652 -6.971 9.808 1.5
C 20.807 -7.299 8.497 0.77
N 19.740 -7.116 7.673 1.5
N 21.978 -7.732 8.009 1.5
C 22.976 -7.817 8.934 0.77
P 24.160 -11.412 4.006 1.9
O 24.392 -11.606 2.569 1.27
O 24.749 -12.428 4.913 1.27
O 22.584 -11.363 4.344 1.27
C 21.783 -12.539 4.038 0.77
C 20.321 -12.334 4.368 0.77
O 20.172 -12.615 5.774 1.27
C 19.657 -10.966 4.082 0.77
O 18.251 -11.067 3.730 1.27
C 19.834 -10.334 5.454 0.77
C 19.502 -11.519 6.356 0.77
N 20.025 -11.338 7.735 1.5
C 19.161 -10.826 8.646 0.77
O 17.995 -10.617 8.271 1.27
N 19.594 -10.498 9.871 1.5
C 20.872 -10.693 10.216 0.77
N 21.294 -10.301 11.456 1.5
C 21.797 -11.225 9.308 0.77
C 21.343 -11.550 8.032 0.77
P 17.657 -11.649 2.345 1.9
O 16.280 -11.990 2.659 1.27
O 17.843 -10.702 1.221 1.27
O 18.397 -13.029 2.034 1.27
C 17.749 -14.267 2.437 0.77
C 18.401 -15.387 1.688 0.77
O 19.761 -15.460 2.128 1.27
C 17.843 -16.784 1.865 0.77
O 17.979 -17.565 .679 1.27
C 18.653 -17.327 3.022 0.77
C 20.017 -16.739 2.726 0.77
N 20.790 -16.480 3.975 1.5
C 22.146 -16.559 4.133 0.77
N 22.544 -16.163 5.348 1.5
C 21.398 -15.834 5.974 0.77
C 21.223 -15.323 7.291 0.77
O 22.086 -15.076 8.120 1.27
N 19.905 -15.073 7.590 1.5
C 18.847 -15.265 6.765 0.77
N 17.611 -14.882 7.227 1.5
N 19.015 -15.744 5.521 1.5
C 20.306 -16.020 5.191 0.77
H 13.006 -9.571 8.915 0.40
H 18.335 -1.586 15.486 0.40
H 27.443 -4.193 5.712 0.40
H 16.762 -4.740 6.233 0.40
H 20.732 -7.664 4.583 0.40
H 24.768 -10.972 12.492 0.40
H 9.592 -12.515 10.469 0.40
H 13.755 -2.316 13.509 0.40
H 13.187 -7.616 18.768 0.40
H 24.465 -7.897 13.838 0.40
H 28.170 -10.042 10.291 0.40
H 19.884 -11.019 15.284 0.40
H 14.732 -11.255 4.395 0.40
H 13.799 -13.819 10.197 0.40
H 18.604 -4.454 15.784 0.40
H 11.378 -5.673 2.550 0.40
H 10.474 -13.402 15.770 0.40
H 15.102 -15.407 6.186 0.40
H 16.103 -1.479 4.010 0.40
H 11.603 -2.800 14.064 0.40
H 13.584 -3.193 .760 0.40
H 13.329 -5.324 17.895 0.40
H 18.368 -7.862 2.358 0.40
H 10.627 -9.001 9.826 0.40
H 13.018 -10.176 16.585 0.40
H 22.916 -12.097 16.571 0.40
H 10.456 -14.539 3.317 0.40
H 14.315 -15.923 3.173 0.40
H 15.624 -16.084 10.161 0.40
H 24.772 .185 4.148 0.40
H 16.594 -5.734 .031 0.40
H 24.004 -2.362 12.292 0.40
H 7.764 -4.233 11.337 0.40
H 18.448 -9.968 18.820 0.40
H 23.967 -5.649 13.044 0.40
H 13.583 -16.381 9.697 0.40
H 7.507 -16.269 9.830 0.40
H 26.493 -15.346 6.648 0.40
H 24.795 -14.108 16.940 0.40
H 22.542 -13.158 15.079 0.40
H 7.590 -12.543 9.789 0.40
H 26.006 -11.256 9.401 0.40
H 16.414 -10.450 6.509 0.40
H 13.711 -8.032 1.998 0.40
H 23.285 -6.861 2.054 0.40
H 17.900 -3.517 19.094 0.40
H 10.982 -.897 12.418 0.40
H 23.475 -.128 6.058 0.40
H 7.104 -.687 2.424 0.40
H 27.519 -.369 9.755 0.40
H 27.726 -1.225 6.070 0.40
H 16.149 -4.231 17.188 0.40
H 26.792 -5.460 9.829 0.40
H 15.580 .018 4.067 0.40
H 10.240 -9.931 6.892 0.40
H 5.484 -13.304 9.808 0.40
H 17.452 -2.533 14.608 0.40
H 23.895 -14.402 1.795 0.40
H 13.095 -16.144 7.914 0.40
H 25.863 -15.329 13.918 0.40
H 28.125 -13.455 15.873 0.40
H 16.181 -11.935 19.061 0.40
H 15.411 -6.225 1.778 0.40
H 27.163 -1.749 8.274 0.40
H 24.221 -1.384 18.285 0.40
H 15.891 -4.225 18.999 0.40
H 18.455 -4.092 7.036 0.40
H 15.500 -4.799 15.607 0.40
H 21.763 -6.808 18.371 0.40
H 17.497 -7.915 5.997 0.40
H 12.604 -9.000 17.767 0.40
H 14.650 -2.618 3.172 0.40
H 7.556 -4.468 9.454 0.40
H 5.311 -4.855 5.670 0.40
H 16.996 -8.852 .406 0.40
H 12.180 -11.171 16.371 0.40
H 11.539 -16.015 13.308 0.40
H 22.694 -9.391 .350 0.40
H 27.236 -11.510 14.315 0.40
H 13.159 -16.041 4.577 0.40
H 14.527 -9.374 4.265 0.40
H 20.200 -11.416 18.847 0.40
H 14.912 -12.815 8.624 0.40
H 18.427 -9.262 17.334 0.40
