# Times-BoldItalic
name BI
internalname 4
ligatures fi fl 0
charset
!	39	2	33
$	50	2	36
%	83	2	37
&	78	2	38
'	33	2	39
(	33	3	40
)	33	3	41
*	50	2	42
+	57	0	43
,	25	1	44
hy	33	0	45
-	"
.	25	0	46
/	28	2	47
0	50	2	48
1	50	2	49
2	50	2	50
3	50	2	51
4	50	2	52
5	50	2	53
6	50	2	54
7	50	2	55
8	50	2	56
9	50	2	57
:	33	0	58
;	33	1	59
=	57	0	61
?	50	2	63
A	67	2	65
B	67	2	66
C	67	2	67
D	72	2	68
E	67	2	69
F	67	2	70
G	72	2	71
H	78	2	72
I	39	2	73
J	50	2	74
K	67	2	75
L	61	2	76
M	89	2	77
N	72	2	78
O	72	2	79
P	61	2	80
Q	72	3	81
R	67	2	82
S	56	2	83
T	61	2	84
U	72	2	85
V	67	2	86
W	89	2	87
X	67	2	88
Y	61	2	89
Z	61	2	90
[	33	3	91
]	33	3	93
`	33	2	96
a	50	0	97
b	50	2	98
c	44	0	99
d	50	2	100
e	44	0	101
f	33	3	102
g	50	1	103
h	56	2	104
i	28	2	105
j	28	3	106
k	50	2	107
l	28	2	108
m	78	0	109
n	56	0	110
o	50	0	111
p	50	1	112
q	50	1	113
r	39	0	114
s	39	0	115
t	28	2	116
u	56	0	117
v	44	0	118
w	67	0	119
x	50	0	120
y	44	1	121
z	39	0	122
ct	50	3	162
fi	56	3	174
fl	56	3	175
dg	50	3	178
bu	35	0	183
de	33	2	202
em	100	0	208
14	75	2	1
34	75	2	1
12	75	2	1
``	50	2	170
''	50	2	186
