1950.0
alpha Andr  00127 00 05 47.844  .0102  28 48 52.03 -0.161 +.024  2.15  01 A0p
beta Cass   00147 00 06 29.760  .0679  58 52 26.67 -0.178 +.072  2.42  19 F5 
alpha Phoe  00519 00 23 49.002  .0180 -42 34 38.85 -0.395 +.035  2.44  65 K0 
alpha Cass  00792 00 37 39.311  .0060  56 15 48.55 -0.029 +.009  2.1 * 19 K0 
beta Ceti   00865 00 41 04.799  .0162 -18 15 38.61  0.040 +.053  2.24  22 K0 
gamma Cass  01117 00 53 40.350  .0035  60 26 47.33 -0.002 +.008  2.25  19 B0p
beta Andr   01400 01 06 55.463  .0145  35 21 21.59 -0.113 +.043  2.37  01 Ma 
Achernar    01979 01 35 51.249  .0114 -57 29 25.11 -0.034 +.023  0.60  37 B5 
Polaris     02243 01 48 48.502  .1807  89 01 43.83 -0.004 +.001  2.12  85 F8 
gamma Andr  02477 02 00 49.183  .0041  42 05 26.82 -0.050 +.005  2.28  01 K0 
alpha Arie  02538 02 04 20.933  .0139  23 13 36.95 -0.146 +.043  2.23  08 K2 
Mira        02796 02 16 49.049 -.0006 -03 12 13.34 -0.232 +.013  2.0 * 22 M5e
Algol       03733 03 04 54.379  .0005  40 45 52.28 -0.001 +.037  2.2 * 64 B8 
alpha Pers  04041 03 20 44.450  .0026  49 41 05.98 -0.024 +.004  1.90  64 F5 
Aldebaran   05605 04 33 02.929  .0048  16 24 37.45 -0.190 +.048  1.06  79 K5 
Rigel       06410 05 12 08.023  .0001 -08 15 28.57  0.000 +.004  0.34  61 B8p
Capella     06427 05 12 59.493  .0080  45 56 57.94 -0.427 +.073  0.21  09 G0 
Bellatrix   06668 05 22 26.866 -.0004  06 18 21.66 -0.014 +.026  1.70  61 B2 
beta Taur   06681 05 23 07.751  .0023  28 34 01.76 -0.175 +.019  1.78  79 B8 
delta Orio  06847 05 29 27.049  .0001 -00 20 04.46 -0.001 +.004  2.48  61 B0 
eps Orio    06960 05 33 40.506  .0000 -01 13 56.23  0.000 -.007  1.75  61 B0 
zeta1 Orio  07089 05 38 14.078  .0003 -01 58 02.98 -0.002 +.022  2.05  61 B0 
kappa Orio  07264 05 45 23.050  .0003 -09 41 09.38 -0.002 +.009  2.20  61 B0 
Betelgeuse  07451 05 52 27.839  .0018  07 23 57.76  0.007 +.005  0.92  61 Ma 
beta Auri   07543 05 55 51.614 -.0048  44 56 40.65 -0.004 +.037  2.07  09 A0p
beta CMaj   08223 06 20 29.828 -.0003 -17 55 47.18 -0.001 +.014  1.99  15 B1 
Canopus     08302 06 22 50.488  .0020 -52 40 03.70  0.017 +.017 -0.86  18 F0 
gamma Gemi  08633 06 34 49.432  .0033  16 26 37.23 -0.046 +.036  1.93  39 A0 
Sirius cg   08833 06 42 56.741 -.0374 -16 38 45.93 -1.210 +.374 -1.58  15 A0 
eps CMaj    09188 06 56 39.616  .0002 -28 54 10.40 -0.003 +9999  1.63  15 B1 
delta CMaj  09443 07 06 21.466 -.0003 -26 18 45.33  0.003 -.018  1.98  15 F8p
eta CMaj    09886 07 22 07.006 -.0005 -29 12 16.02  0.004 +9999  2.43  15 B5p
Castor cg   10120 07 31 24.655 -.0130  31 59 58.09 -0.110 +.066  1.58  39 A0 
Procyon cg  10277 07 36 41.134 -.0473  05 21 16.39 -1.032 +.283  0.48  16 F5 
Pollux      10438 07 42 15.561 -.0471  28 08 55.11 -0.052 +.093  1.21  39 K0 
zeta Pupp   10947 08 01 49.577 -.0027 -39 51 40.86  0.012 +9999  2.27  69 O3 
gamma Velr  11105 08 07 59.465 -.0010 -47 11 18.35  0.004 +9999  1.92  86 O0p
eps Cari    11463 08 21 29.386 -.0036 -59 20 53.16  0.012 +9999  1.74  18 K0*
delta Velr  12069 08 43 19.394  .0020 -54 31 28.58 -0.084 +.043  2.01  86 A0 
lambda Velr 12623 09 06 09.322 -.0023 -43 13 47.94  0.007 +.015  2.22  86 K5 
beta Cari   12764 09 12 39.654 -.0294 -69 30 39.95  0.098 +.038  1.80  18 A0 
iota Cari   12831 09 15 45.135 -.0025 -59 03 54.10 -0.001 +9999  2.25  18 F0 
alpha Hydr  13044 09 25 07.817 -.0010 -08 26 27.43  0.030 +.017  2.16  43 K2 
Regulus     13926 10 05 42.673 -.0169  12 12 44.39  0.001 +.039  1.34  47 B8 
beta UMaj   15145 10 58 50.270  .0100  56 39 03.03  0.029 +.042  2.44  84 A0 
alpha UMaj  15185 11 00 39.577 -.0169  62 01 16.78 -0.070 +.031  1.95  84 K0 
delta Leon  15438 11 11 27.112  .0104  20 47 52.44 -0.138 +.040  2.58  47 A3 
Denebola    16189 11 46 30.625 -.0342  14 51 05.55 -0.122 +.076  2.23  47 A2 
gamma UMaj  16268 11 51 12.580  .0106  53 58 21.81  0.004 +.020  2.54  84 A0 
alpha1Cruc  16952 12 23 48.024 -.0047 -62 49 20.06 -0.027 +9999  1.58  31 B1 
alpha2Cruc  16953 12 23 48.695 -.0053 -62 49 22.28 -0.022 +9999  2.09  31 B1 
gamma Cruc  17052 12 28 22.733  .0030 -56 50 00.63 -0.273 +9999  1.61  31 Mb 
gamma Cent  17262 12 38 44.898 -.0198 -48 41 07.62 -0.015 +.010  2.38  20 A0 
beta Cruc   17374 12 44 47.055 -.0054 -59 24 56.95 -0.026 +9999  1.50  31 B1 
eps UMaj    17518 12 51 50.116  .0136  56 13 51.02 -0.011 +.008  1.68  84 A0p
zeta UMaj   18133 13 21 54.953  .0145  55 11 09.24 -0.028 +.037  2.40  84 A2p
Spica       18144 13 22 33.311 -.0028 -10 54 03.57 -0.035 +.019  1.21  87 B2 
eps Cent    18458 13 36 42.344 -.0026 -53 12 46.57 -0.023 +9999  2.56  20 B1 
eta UMaj    18643 13 45 34.323 -.0125  49 33 43.90 -0.018 +.029  1.91  84 B3 
beta Cent   18971 14 00 16.532 -.0028 -60 07 58.34 -0.028 +.002  0.86  20 B1 
theta Cent  19033 14 03 43.891 -.0431 -36 07 29.63 -0.522 +.059  2.26  20 K0 
Arcturus    19242 14 13 22.776 -.0776  19 26 30.60 -2.003 +.090  0.24  10 K0 
alph Cent cg19728 14 36 11.213 -.4902 -60 37 49.06  0.705 +.754  0.06  20 G0*
beta UMin   20029 14 50 49.717 -.0079  74 21 35.34  0.007 +.031  2.24  85 K5 
Gemma       20947 15 32 34.166  .0089  26 52 54.31 -0.098 +.043  2.31  28 A0 
delta Scor  21489 15 57 22.325 -.0008 -22 28 51.81 -0.030 +9999  2.54  74 B0 
Antares     22157 16 26 20.240 -.0007 -26 19 22.40 -0.028 +.019  1.22  74 Ma*
alpha TrAu  22558 16 43 21.046  .0043 -68 56 20.01 -0.037 +.024  1.88  82 K2 
eps Scor    22640 16 46 55.219 -.0494 -34 12 15.62 -0.256 +.049  2.36  74 K0 
lambda Scor 23769 17 30 12.630 -.0001 -37 04 09.78 -0.031 +9999  1.71  74 B2 
alpha Ophi  23837 17 32 36.709  .0080  12 35 41.52 -0.232 +.056  2.14  60 A5 
theta Scor  23857 17 33 43.356  .0010 -42 58 05.42 -0.005 +.020  2.04  74 F0 
kappa Scor  23988 17 39 01.538 -.0011 -39 00 22.82 -0.028 +9999  2.51  74 B2 
gamma Drac  24432 17 55 26.602 -.0012  51 29 38.29 -0.024 +.020  2.42  35 K5 
eps Sgtr    25100 18 20 51.167 -.0033 -34 24 37.18 -0.129 +.015  1.95  73 A0 
Vega        25466 18 35 14.673  .0171  38 44 09.47  0.281 +.123  0.14  53 A0 
sigma Sagi  25941 18 52 09.918  .0009 -26 21 38.62 -0.058 +9999  2.14  73 B3 
Altair      27470 19 48 20.587  .0361  08 44 05.39  0.383 +.194  0.89  05 A5 
gamma Cygn  28338 20 20 25.939  .0001  40 05 44.35  0.000 -.006  2.32  32 F8p
alpha Pavo  28374 20 21 42.248  .0008 -56 53 50.11 -0.087 +9999  2.12  62 B3 
Deneb       28846 20 39 43.531 -.0002  45 06 02.89  0.002 -.013  1.33  32 A2p
eps Pegs    30431 21 41 43.747  .0017  09 38 41.45  0.002 -.005  2.54  63 K0 
alpha Grus  30942 22 05 05.441  .0119 -47 12 14.75 -0.151 +.051  2.16  40 B5 
beta Grus   31685 22 39 41.416  .0131 -47 08 48.28 -0.009 +.003  2.24  40 Mb 
Fomalhaut   32000 22 54 53.504  .0252 -29 53 15.93 -0.164 +.144  1.29  68 A3 
alpha Pegs  32149 23 02 16.053  .0040  14 56 08.90 -0.041 +.030  2.57  63 A0 
